# job SY(ab) on push 1132677: aggressive3: base ; awsy ; Pushed via `mach try again`
# https://treeherder.mozilla.org/jobs?repo=try&revision=ae84fb7aa56cfe72a80441ef838b924529cfa568
0 1222 1128512 1013824
0 1336 2048 2304
0 1362 1536 1904
0 1396 1536 1904
0 1399 1536 1904
0 1415 1536 1904
0 1507 1536 1904
0 1534 1536 1904
0 1561 1536 1904
0 1588 1536 1904
0 1623 1536 1904
0 1657 1536 1904
0 1685 1536 1904

# job SY(ab) on push 1132678: aggressive3: aggressive ; awsy ; Pushed via `mach try again`
# https://treeherder.mozilla.org/jobs?repo=try&revision=7ea00bffc641f9229fbf0337257661e1d850d68a
1 1219 5122112 1916160
1 1334 10240 13056
1 1360 9216 12656
1 1402 9216 12656
1 1400 9216 12656
1 1426 9216 12656
1 1509 9216 12656
1 1536 9216 12656
1 1563 9216 12656
1 1598 9216 12656
1 1625 9216 12656
1 1659 9216 12656
1 1687 9216 12656

# job SY(ab) on push 1132680: aggressive3: aggressive + shrinkwrap ; awsy ; Pushed via `mach try again`
# https://treeherder.mozilla.org/jobs?repo=try&revision=d22359d41f5c00655e71466c5050a73c139f74c0
2 1219 5646272 1928080
2 1334 10240 13056
2 1360 9216 12656
2 1398 9216 12656
2 1401 9216 12656
2 1456 9216 12656
2 1503 9216 12656
2 1530 9216 12656
2 1557 9216 12656
2 1592 9216 12656
2 1619 9216 12656
2 1653 9216 12656
2 1681 9216 12656
